 Fhndlr:   Program: KSTR, Version: LV-HLS 23 Oct 2003                TM: 15:03
           Slope & Madelung matrices, Lat= fcc, Job=CuMg_1.00  15:03/23-Jan-26  

           JOB   : CuMg_1.00, cmode = KSTR
           FOR001: ./CuMg_1.00.tfm
           FOR002: ./CuMg_1.00.tfh
           FOR003: ./CuMg_1.00.mdl
           FOR006: CuMg_1.00.prn
           FOR050: CuMg_1.00.log

 Input:    MODE  =  B STORE =  Y NPRN  =  1

           NL   =  3 NLH  =  9 NLW  =  9 NDER =  6

           DMAX    =  1.800000 DWATS  =  0.100000

           (K*W)^2 =  0.000000 ITRANS = 3

 Primv:    Special choice of primitive vectors, lattice= fcc

           A     =  1.000000 B     =  1.000000 C     =  1.000000
           Alpha =    60.000 Beta  =    60.000 Gamma =    60.000

           Primitive vectors for  fcc lattice in
           units of the lattice spacing a:

           (   0.50000,   0.50000,   0.00000 )
           (   0.00000,   0.50000,   0.50000 )
           (   0.50000,   0.00000,   0.50000 )

           Basis vectors:            NQ3 =   1

           (   0.00000,   0.00000,   0.00000 )


 Primkr:   Wigner Seitz radius:  0.390796 VOL   =  0.250000


           Primitive vectors of reciprocal space
           in units of 2*pi/a

           (   1.00000,   1.00000,  -1.00000  )
           (  -1.00000,   1.00000,   1.00000  )
           (   1.00000,  -1.00000,   1.00000  )

 Set3d:    Basis vectors in 3D cell are set.

 Latt3d:   Generate lattice vectors, NGHBP = 13
 
           Shells of neighbours around

           IQ =  1                      QP =  0.000  0.000  0.000


           IS IN  IR JQ     D          RPX       RPY       RPZ
 
            1  1   1  1  0.000000    0.000000  0.000000  0.000000
 
            2  1   2  1  0.707107    0.000000 -0.500000 -0.500000
            2  2   3  1  0.707107    0.500000  0.000000  0.500000
            2  3   4  1  0.707107    0.500000 -0.500000  0.000000
            2  4   5  1  0.707107    0.000000  0.500000  0.500000
            2  5   6  1  0.707107    0.500000  0.500000  0.000000
            2  6   7  1  0.707107    0.000000  0.500000 -0.500000
            2  7   8  1  0.707107    0.500000  0.000000 -0.500000
            2  8   9  1  0.707107   -0.500000 -0.500000  0.000000
            2  9  10  1  0.707107    0.000000 -0.500000  0.500000
            2 10  11  1  0.707107   -0.500000  0.500000  0.000000
            2 11  12  1  0.707107   -0.500000  0.000000  0.500000
            2 12  13  1  0.707107   -0.500000  0.000000 -0.500000
 
            3  1  14  1  1.000000   -1.000000  0.000000  0.000000
            3  2  15  1  1.000000    0.000000  1.000000  0.000000
            3  3  16  1  1.000000    0.000000  0.000000  1.000000
            3  4  17  1  1.000000    1.000000  0.000000  0.000000
            3  5  18  1  1.000000    0.000000 -1.000000  0.000000
            3  6  19  1  1.000000    0.000000  0.000000 -1.000000
 
            4  1  20  1  1.224745   -0.500000 -1.000000  0.500000
            4  2  21  1  1.224745    1.000000  0.500000 -0.500000
            4  3  22  1  1.224745   -1.000000  0.500000 -0.500000
            4  4  23  1  1.224745    0.500000  0.500000  1.000000
            4  5  24  1  1.224745   -0.500000  1.000000  0.500000
            4  6  25  1  1.224745    0.500000  1.000000 -0.500000
            4  7  26  1  1.224745    0.500000 -0.500000 -1.000000
            4  8  27  1  1.224745    1.000000 -0.500000 -0.500000
            4  9  28  1  1.224745   -1.000000 -0.500000  0.500000
            4 10  29  1  1.224745    1.000000 -0.500000  0.500000
            4 11  30  1  1.224745   -0.500000  1.000000 -0.500000
            4 12  31  1  1.224745    0.500000  1.000000  0.500000
            4 13  32  1  1.224745   -0.500000  0.500000  1.000000
            4 14  33  1  1.224745    0.500000 -1.000000 -0.500000
            4 15  34  1  1.224745    0.500000  0.500000 -1.000000
            4 16  35  1  1.224745   -0.500000 -1.000000 -0.500000
            4 17  36  1  1.224745    0.500000 -1.000000  0.500000
            4 18  37  1  1.224745    0.500000 -0.500000  1.000000
            4 19  38  1  1.224745   -0.500000 -0.500000 -1.000000
            4 20  39  1  1.224745   -1.000000  0.500000  0.500000
            4 21  40  1  1.224745   -0.500000 -0.500000  1.000000
            4 22  41  1  1.224745    1.000000  0.500000  0.500000
            4 23  42  1  1.224745   -1.000000 -0.500000 -0.500000
            4 24  43  1  1.224745   -0.500000  0.500000 -1.000000
 
            5  1  44  1  1.414214    1.000000 -1.000000  0.000000
            5  2  45  1  1.414214   -1.000000  0.000000 -1.000000
            5  3  46  1  1.414214    0.000000  1.000000 -1.000000
            5  4  47  1  1.414214   -1.000000  0.000000  1.000000
            5  5  48  1  1.414214    1.000000  0.000000 -1.000000
            5  6  49  1  1.414214    0.000000 -1.000000 -1.000000
            5  7  50  1  1.414214    0.000000  1.000000  1.000000
            5  8  51  1  1.414214   -1.000000  1.000000  0.000000
            5  9  52  1  1.414214    1.000000  1.000000  0.000000
            5 10  53  1  1.414214    0.000000 -1.000000  1.000000
            5 11  54  1  1.414214   -1.000000 -1.000000  0.000000
            5 12  55  1  1.414214    1.000000  0.000000  1.000000
 
            6  1  56  1  1.581139   -0.500000  0.000000  1.500000
            6  2  57  1  1.581139    0.000000  1.500000 -0.500000
            6  3  58  1  1.581139    1.500000 -0.500000  0.000000
            6  4  59  1  1.581139   -0.500000  0.000000 -1.500000
            6  5  60  1  1.581139   -1.500000  0.000000  0.500000
            6  6  61  1  1.581139    0.000000 -0.500000  1.500000
            6  7  62  1  1.581139    0.000000 -0.500000 -1.500000
            6  8  63  1  1.581139    0.000000 -1.500000 -0.500000
            6  9  64  1  1.581139   -1.500000  0.000000 -0.500000
            6 10  65  1  1.581139   -1.500000 -0.500000  0.000000
            6 11  66  1  1.581139    0.500000  1.500000  0.000000
            6 12  67  1  1.581139    0.500000  0.000000  1.500000
            6 13  68  1  1.581139   -1.500000  0.500000  0.000000
            6 14  69  1  1.581139    1.500000  0.000000  0.500000
            6 15  70  1  1.581139    0.000000 -1.500000  0.500000
            6 16  71  1  1.581139   -0.500000 -1.500000  0.000000
            6 17  72  1  1.581139    1.500000  0.500000  0.000000
            6 18  73  1  1.581139   -0.500000  1.500000  0.000000
            6 19  74  1  1.581139    0.000000  1.500000  0.500000
            6 20  75  1  1.581139    0.500000  0.000000 -1.500000
            6 21  76  1  1.581139    0.000000  0.500000  1.500000
            6 22  77  1  1.581139    1.500000  0.000000 -0.500000
            6 23  78  1  1.581139    0.000000  0.500000 -1.500000
            6 24  79  1  1.581139    0.500000 -1.500000  0.000000
 
            7  1  80  1  1.732051   -1.000000 -1.000000  1.000000
            7  2  81  1  1.732051    1.000000  1.000000  1.000000
            7  3  82  1  1.732051   -1.000000  1.000000 -1.000000
            7  4  83  1  1.732051    1.000000 -1.000000 -1.000000
            7  5  84  1  1.732051   -1.000000  1.000000  1.000000
            7  6  85  1  1.732051    1.000000 -1.000000  1.000000
            7  7  86  1  1.732051   -1.000000 -1.000000 -1.000000
            7  8  87  1  1.732051    1.000000  1.000000 -1.000000

           r_max: 1.80 Number of vectors:   87. Number of shells:   7

 Blatts:   IQ  =  1 NSC = 14 NVN = 12 V(t)= 0.250000 V(a)= 0.250000

           Si = 0.353553 Sc = 0.500000 WST= 0.390796 WST/WS= 1.000000

 Madl3:*** Calculate and store 3D Madelung matrices, lmax=  6

 Latt3m:   R1    =    0.0000 RA    =    1.8000 G1    =    0.0000
           GA    =   22.5000 Lamda =    2.5000


           Real space vectors:

           NO     SX        SY        SZ        D

            1  0.000000  0.000000  0.000000  0.000000

               Shell number    1 with    1 vectors

            2 -0.500000 -0.500000  0.000000  0.707107
            3  0.000000 -0.500000  0.500000  0.707107
            4 -0.500000  0.000000  0.500000  0.707107
            5  0.000000 -0.500000 -0.500000  0.707107
            6  0.500000 -0.500000  0.000000  0.707107
            7 -0.500000  0.000000 -0.500000  0.707107
            8  0.500000  0.000000  0.500000  0.707107
            9 -0.500000  0.500000  0.000000  0.707107
           10  0.000000  0.500000  0.500000  0.707107
           11  0.500000  0.000000 -0.500000  0.707107
           12  0.000000  0.500000 -0.500000  0.707107
           13  0.500000  0.500000  0.000000  0.707107

               Shell number    2 with   12 vectors

           14  0.000000 -1.000000  0.000000  1.000000
           15 -1.000000  0.000000  0.000000  1.000000
           16  0.000000  0.000000  1.000000  1.000000
           17  0.000000  0.000000 -1.000000  1.000000
           18  1.000000  0.000000  0.000000  1.000000
           19  0.000000  1.000000  0.000000  1.000000

               Shell number    3 with    6 vectors

           20 -0.500000 -1.000000  0.500000  1.224745
           21 -1.000000 -0.500000  0.500000  1.224745
           22 -0.500000 -0.500000  1.000000  1.224745
           23 -0.500000 -1.000000 -0.500000  1.224745
           24  0.500000 -1.000000  0.500000  1.224745
           25 -1.000000 -0.500000 -0.500000  1.224745
           26  0.500000 -0.500000  1.000000  1.224745
           27 -1.000000  0.500000  0.500000  1.224745
           28 -0.500000  0.500000  1.000000  1.224745
           29  0.500000 -1.000000 -0.500000  1.224745
           30 -0.500000 -0.500000 -1.000000  1.224745
           31  1.000000 -0.500000  0.500000  1.224745
           32 -1.000000  0.500000 -0.500000  1.224745
           33  0.500000  0.500000  1.000000  1.224745
           34 -0.500000  1.000000  0.500000  1.224745
           35  0.500000 -0.500000 -1.000000  1.224745
           36  1.000000 -0.500000 -0.500000  1.224745
           37 -0.500000  0.500000 -1.000000  1.224745
           38  1.000000  0.500000  0.500000  1.224745
           39 -0.500000  1.000000 -0.500000  1.224745
           40  0.500000  1.000000  0.500000  1.224745
           41  0.500000  0.500000 -1.000000  1.224745
           42  1.000000  0.500000 -0.500000  1.224745
           43  0.500000  1.000000 -0.500000  1.224745

               Shell number    4 with   24 vectors

           44 -1.000000 -1.000000  0.000000  1.414214
           45  0.000000 -1.000000  1.000000  1.414214
           46 -1.000000  0.000000  1.000000  1.414214
           47  0.000000 -1.000000 -1.000000  1.414214
           48  1.000000 -1.000000  0.000000  1.414214
           49 -1.000000  0.000000 -1.000000  1.414214
           50  1.000000  0.000000  1.000000  1.414214
           51 -1.000000  1.000000  0.000000  1.414214
           52  0.000000  1.000000  1.000000  1.414214
           53  1.000000  0.000000 -1.000000  1.414214
           54  0.000000  1.000000 -1.000000  1.414214
           55  1.000000  1.000000  0.000000  1.414214

               Shell number    5 with   12 vectors

           56 -0.500000 -1.500000  0.000000  1.581139
           57  0.000000 -1.500000  0.500000  1.581139
           58 -1.500000 -0.500000  0.000000  1.581139
           59  0.000000 -0.500000  1.500000  1.581139
           60 -1.500000  0.000000  0.500000  1.581139
           61 -0.500000  0.000000  1.500000  1.581139
           62  0.000000 -1.500000 -0.500000  1.581139
           63  0.500000 -1.500000  0.000000  1.581139
           64 -1.500000  0.000000 -0.500000  1.581139
           65  0.500000  0.000000  1.500000  1.581139
           66 -1.500000  0.500000  0.000000  1.581139
           67  0.000000  0.500000  1.500000  1.581139
           68  0.000000 -0.500000 -1.500000  1.581139
           69  1.500000 -0.500000  0.000000  1.581139
           70 -0.500000  0.000000 -1.500000  1.581139
           71  1.500000  0.000000  0.500000  1.581139
           72 -0.500000  1.500000  0.000000  1.581139
           73  0.000000  1.500000  0.500000  1.581139
           74  0.500000  0.000000 -1.500000  1.581139
           75  1.500000  0.000000 -0.500000  1.581139
           76  0.000000  0.500000 -1.500000  1.581139
           77  1.500000  0.500000  0.000000  1.581139
           78  0.000000  1.500000 -0.500000  1.581139
           79  0.500000  1.500000  0.000000  1.581139

               Shell number    6 with   24 vectors

           80 -1.000000 -1.000000  1.000000  1.732051
           81 -1.000000 -1.000000 -1.000000  1.732051
           82  1.000000 -1.000000  1.000000  1.732051
           83 -1.000000  1.000000  1.000000  1.732051
           84  1.000000 -1.000000 -1.000000  1.732051
           85 -1.000000  1.000000 -1.000000  1.732051
           86  1.000000  1.000000  1.000000  1.732051
           87  1.000000  1.000000 -1.000000  1.732051

               Shell number    7 with    8 vectors


           Reciprocal space vectors

           NO     KX        KY        KZ        D

            1  0.000000  0.000000  0.000000  0.000000

               Shell number    1 with    1 vectors

            2 -6.283185 -6.283185 -6.283185 10.882796
            2 -6.283185 -6.283185 -6.283185 10.882796
            3 -6.283185 -6.283185  6.283185 10.882796
            4  6.283185 -6.283185 -6.283185 10.882796
            5 -6.283185  6.283185 -6.283185 10.882796
            6  6.283185 -6.283185  6.283185 10.882796
            7 -6.283185  6.283185  6.283185 10.882796
            8  6.283185  6.283185 -6.283185 10.882796
            9  6.283185  6.283185  6.283185 10.882796

               Shell number    2 with    1 vectors

           10  0.000000-12.566371  0.000000 12.566371
           10  0.000000-12.566371  0.000000 12.566371
           11-12.566371  0.000000  0.000000 12.566371
           12  0.000000  0.000000-12.566371 12.566371
           13  0.000000  0.000000 12.566371 12.566371
           14 12.566371  0.000000  0.000000 12.566371
           15  0.000000 12.566371  0.000000 12.566371

               Shell number    3 with    1 vectors

           16-12.566371-12.566371  0.000000 17.771532
           16-12.566371-12.566371  0.000000 17.771532
           17  0.000000-12.566371-12.566371 17.771532
           18-12.566371  0.000000-12.566371 17.771532
           19  0.000000-12.566371 12.566371 17.771532
           20-12.566371  0.000000 12.566371 17.771532
           21 12.566371-12.566371  0.000000 17.771532
           22-12.566371 12.566371  0.000000 17.771532
           23 12.566371  0.000000-12.566371 17.771532
           24  0.000000 12.566371-12.566371 17.771532
           25 12.566371  0.000000 12.566371 17.771532
           26  0.000000 12.566371 12.566371 17.771532
           27 12.566371 12.566371  0.000000 17.771532

               Shell number    4 with    1 vectors

           28 -6.283185-18.849556 -6.283185 20.838968
           28 -6.283185-18.849556 -6.283185 20.838968
           29-18.849556 -6.283185 -6.283185 20.838968
           30 -6.283185-18.849556  6.283185 20.838968
           31-18.849556 -6.283185  6.283185 20.838968
           32 -6.283185 -6.283185-18.849556 20.838968
           33  6.283185-18.849556 -6.283185 20.838968
           34  6.283185-18.849556  6.283185 20.838968
           35-18.849556  6.283185 -6.283185 20.838968
           36-18.849556  6.283185  6.283185 20.838968
           37 -6.283185 -6.283185 18.849556 20.838968
           38  6.283185 -6.283185-18.849556 20.838968
           39 -6.283185  6.283185-18.849556 20.838968
           40  6.283185 -6.283185 18.849556 20.838968
           41 -6.283185  6.283185 18.849556 20.838968
           42  6.283185  6.283185-18.849556 20.838968
           43 18.849556 -6.283185 -6.283185 20.838968
           44 18.849556 -6.283185  6.283185 20.838968
           45 -6.283185 18.849556 -6.283185 20.838968
           46 -6.283185 18.849556  6.283185 20.838968
           47  6.283185  6.283185 18.849556 20.838968
           48 18.849556  6.283185 -6.283185 20.838968
           49  6.283185 18.849556 -6.283185 20.838968
           50 18.849556  6.283185  6.283185 20.838968
           51  6.283185 18.849556  6.283185 20.838968

               Shell number    5 with    1 vectors

           52-12.566371-12.566371-12.566371 21.765592
           52-12.566371-12.566371-12.566371 21.765592
           53-12.566371-12.566371 12.566371 21.765592
           54 12.566371-12.566371-12.566371 21.765592
           55-12.566371 12.566371-12.566371 21.765592
           56 12.566371-12.566371 12.566371 21.765592
           57-12.566371 12.566371 12.566371 21.765592
           58 12.566371 12.566371-12.566371 21.765592
           59 12.566371 12.566371 12.566371 21.765592

               Shell number    6 with    1 vectors


           NUMR  =  9 NUMG  =  7 NUMVR = 87 NUMVG = 59

 Madl3d:   Madelung constant with compensating background:

           CMDL =   1.79174723

           Madelung monopole potential(s):


            -3.58349446

 Madl3:*** End of Madelung calculation

 Screen:   Hard sphere radii in units of ws:

           site         s       p       d
 
             1     0.7000  0.7000  0.7000

 Trmtrx:   IQ  l      t1           t2           t3           t4

            1  0   0.00000000   2.00000000   0.70000000  -2.00000000
            1  1   0.16333333   5.71428571   0.16333333  -2.85714286
            1  2   0.13720000  12.24489796   0.06860000  -4.08163265

 Trmtrx:   IQ  l      t1dot        t2dot        t3dot        t4dot

            1  0  -0.11433333   0.49000000  -0.05716667   0.49000000
            1  1  -0.02401000   0.00000000  -0.00800333  -0.70000000
            1  2  -0.00960400   0.33333333  -0.00240100  -0.33333333

            1  0   0.01120467  -0.12005000   0.00280117  -0.04001667
            1  1   0.00140058   0.34300000   0.00028012   0.17150000
            1  2   0.00039216  -0.08166667   0.00006536  -0.08166667

            1  0  -0.00058825   0.00980408  -0.00009804   0.00196082
            1  1  -0.00005338  -0.05602333  -0.00000763  -0.01400583
            1  2  -0.00001165   0.06002500  -0.00000146   0.02000833

            1  0   0.00002135  -0.00048040   0.00000267  -0.00006863
            1  1   0.00000153   0.00411772   0.00000017   0.00068629
            1  2   0.00000027  -0.00817007   0.00000003  -0.00163401

            1  0  -0.00000059   0.00001681  -0.00000006   0.00000187
            1  1  -0.00000004  -0.00019216  -0.00000000  -0.00002402
            1  2  -0.00000001   0.00056047  -0.00000000   0.00008007

            1  0   0.00000001  -0.00000046   0.00000000  -0.00000004
            1  1   0.00000000   0.00000654   0.00000000   0.00000065
            1  2   0.00000000  -0.00002522   0.00000000  -0.00000280


 Trwats:   IQ L  RWATS/WS     Screening constants of the Watson orbitals

            1 0  5.232  0.3823    -3.4881-0.1E+2-0.1E+3-0.1E+04-0.2E+05-0.3E+06
            1 1  5.232  0.0419     0.6881-0.4E+1-0.1E+2-0.5E+02-0.3E+03-0.3E+04
            1 2  5.232  0.0026     0.0166 0.2E+0-0.1E+1-0.2E+01-0.7E+01-0.3E+02
            1 3  5.232  0.0001     0.0006 0.3E-2 0.3E-1-0.1E+00-0.2E+00-0.5E+00
            1 4  5.232  0.0000     0.0000 0.7E-4 0.4E-3 0.3E-02-0.1E-01-0.1E-01
            1 5  5.232  0.0000     0.0000 0.2E-5 0.7E-5 0.3E-04 0.2E-03-0.7E-03
            1 6  5.232  0.0000     0.0000 0.6E-7 0.2E-6 0.5E-06 0.2E-05 0.1E-04
            1 7  5.232  0.0000     0.0000 0.2E-8 0.4E-8 0.1E-07 0.3E-07 0.1E-06
            1 8  5.232  0.0000     0.0000******* 0.1E-9 0.2E-09 0.5E-09 0.1E-08

 Mgaunt:   NGAUNT =  2292 NGAUNTW =  2358
 Storel:   Store crystal data, cmode = KSTR

                    Slope matrix (Dot = 0) for
                      vector number    1, IQ =   1
                             RX0,RY0,RZ0
                      0.000000  0.000000  0.000000
 -2.1315  0.0000  0.0000  0.0000  0.0000  0.0000 -0.0000 -0.0000 -0.0000
  0.0000 -2.5184  0.0000 -0.0000 -0.0000 -0.0000  0.0000 -0.0000 -0.0000
  0.0000  0.0000 -2.5184 -0.0000 -0.0000 -0.0000 -0.0000 -0.0000 -0.0000
  0.0000 -0.0000 -0.0000 -2.5184  0.0000 -0.0000  0.0000 -0.0000 -0.0000
  0.0000 -0.0000 -0.0000  0.0000 -3.2305 -0.0000  0.0000 -0.0000  0.0000
  0.0000 -0.0000 -0.0000 -0.0000 -0.0000 -3.2305  0.0000  0.0000 -0.0000
 -0.0000  0.0000 -0.0000  0.0000  0.0000  0.0000 -3.1638  0.0000 -0.0000
 -0.0000 -0.0000 -0.0000 -0.0000 -0.0000  0.0000  0.0000 -3.2305 -0.0000
 -0.0000 -0.0000 -0.0000 -0.0000  0.0000 -0.0000 -0.0000 -0.0000 -3.1638

                    Slope matrix (Dot = 0) for
                      vector number    2, IQ =   1
                             RX0,RY0,RZ0
                      0.000000 -0.500000 -0.500000
  0.1694  0.1693  0.1693  0.0000  0.0000  0.1763  0.0559  0.0000 -0.0969
 -0.1693 -0.1452 -0.1989  0.0000  0.0000 -0.1849 -0.1075 -0.0000  0.0705
 -0.1693 -0.1989 -0.1452  0.0000 -0.0000 -0.1849 -0.0073  0.0000  0.1284
  0.0000 -0.0000 -0.0000  0.0381  0.0438 -0.0000 -0.0000  0.0438  0.0000
 -0.0000 -0.0000  0.0000 -0.0438 -0.0492 -0.0000  0.0000 -0.0568 -0.0000
  0.1763  0.1849  0.1849 -0.0000 -0.0000  0.2174  0.0600 -0.0000 -0.1039
  0.0559  0.1075  0.0073 -0.0000 -0.0000  0.0600 -0.0744 -0.0000 -0.0933
 -0.0000  0.0000  0.0000 -0.0438 -0.0568 -0.0000 -0.0000 -0.0492 -0.0000
 -0.0969 -0.0705 -0.1284 -0.0000 -0.0000 -0.1039 -0.0933 -0.0000  0.0334

                    Slope matrix (Dot = 0) for
                      vector number    3, IQ =   1
                             RX0,RY0,RZ0
                      0.500000  0.000000  0.500000
  0.1694  0.0000 -0.1693 -0.1693 -0.0000 -0.0000  0.0559  0.1763  0.0969
  0.0000  0.0381 -0.0000 -0.0000 -0.0438 -0.0438  0.0000  0.0000 -0.0000
  0.1693  0.0000 -0.1452 -0.1989 -0.0000 -0.0000  0.0073  0.1849  0.1284
  0.1693 -0.0000 -0.1989 -0.1452  0.0000 -0.0000  0.1075  0.1849  0.0705
 -0.0000  0.0438 -0.0000  0.0000 -0.0492 -0.0568  0.0000 -0.0000  0.0000
  0.0000  0.0438  0.0000 -0.0000 -0.0568 -0.0492 -0.0000  0.0000 -0.0000
  0.0559  0.0000 -0.0073 -0.1075 -0.0000  0.0000 -0.0744  0.0600  0.0933
  0.1763 -0.0000 -0.1849 -0.1849  0.0000  0.0000  0.0600  0.2174  0.1039
  0.0969  0.0000 -0.1284 -0.0705  0.0000 -0.0000  0.0933  0.1039  0.0334

                    Slope matrix (Dot = 0) for
                      vector number    4, IQ =   1
                             RX0,RY0,RZ0
                      0.500000 -0.500000  0.000000
  0.1694  0.1693  0.0000 -0.1693 -0.1763  0.0000 -0.1119  0.0000  0.0000
 -0.1693 -0.1452 -0.0000  0.1989  0.1849  0.0000  0.1148 -0.0000 -0.0579
 -0.0000  0.0000  0.0381  0.0000  0.0000  0.0438  0.0000 -0.0438  0.0000
  0.1693  0.1989 -0.0000 -0.1452 -0.1849  0.0000 -0.1148 -0.0000 -0.0579
 -0.1763 -0.1849  0.0000  0.1849  0.2174  0.0000  0.1200 -0.0000 -0.0000
  0.0000  0.0000 -0.0438 -0.0000  0.0000 -0.0492  0.0000  0.0568 -0.0000
 -0.1119 -0.1148 -0.0000  0.1148  0.1200 -0.0000  0.0872  0.0000  0.0000
 -0.0000  0.0000  0.0438 -0.0000 -0.0000  0.0568  0.0000 -0.0492 -0.0000
  0.0000  0.0579  0.0000  0.0579  0.0000  0.0000 -0.0000 -0.0000 -0.1283

                    Slope matrix (Dot = 0) for
                      vector number    5, IQ =   1
                             RX0,RY0,RZ0
                      0.000000  0.500000  0.500000
  0.1694 -0.1693 -0.1693  0.0000  0.0000  0.1763  0.0559 -0.0000 -0.0969
  0.1693 -0.1452 -0.1989  0.0000 -0.0000  0.1849  0.1075 -0.0000 -0.0705
  0.1693 -0.1989 -0.1452 -0.0000  0.0000  0.1849  0.0073  0.0000 -0.1284
 -0.0000  0.0000  0.0000  0.0381 -0.0438 -0.0000  0.0000 -0.0438  0.0000
  0.0000  0.0000  0.0000  0.0438 -0.0492 -0.0000  0.0000 -0.0568  0.0000
  0.1763 -0.1849 -0.1849 -0.0000 -0.0000  0.2174  0.0600  0.0000 -0.1039
  0.0559 -0.1075 -0.0073 -0.0000  0.0000  0.0600 -0.0744  0.0000 -0.0933
  0.0000 -0.0000 -0.0000  0.0438 -0.0568  0.0000 -0.0000 -0.0492 -0.0000
 -0.0969  0.0705  0.1284 -0.0000  0.0000 -0.1039 -0.0933 -0.0000  0.0334

                    Slope matrix (Dot = 0) for
                      vector number    6, IQ =   1
                             RX0,RY0,RZ0
                      0.500000  0.500000  0.000000
  0.1694 -0.1693  0.0000 -0.1693  0.1763 -0.0000 -0.1119 -0.0000  0.0000
  0.1693 -0.1452 -0.0000 -0.1989  0.1849 -0.0000 -0.1148  0.0000  0.0579
  0.0000  0.0000  0.0381 -0.0000  0.0000 -0.0438  0.0000 -0.0438  0.0000
  0.1693 -0.1989 -0.0000 -0.1452  0.1849  0.0000 -0.1148 -0.0000 -0.0579
  0.1763 -0.1849 -0.0000 -0.1849  0.2174 -0.0000 -0.1200 -0.0000 -0.0000
 -0.0000 -0.0000  0.0438 -0.0000  0.0000 -0.0492 -0.0000 -0.0568  0.0000
 -0.1119  0.1148  0.0000  0.1148 -0.1200  0.0000  0.0872 -0.0000  0.0000
 -0.0000 -0.0000  0.0438 -0.0000  0.0000 -0.0568 -0.0000 -0.0492 -0.0000
 -0.0000 -0.0579 -0.0000  0.0579 -0.0000  0.0000 -0.0000  0.0000 -0.1283

                    Slope matrix (Dot = 0) for
                      vector number    7, IQ =   1
                             RX0,RY0,RZ0
                      0.000000  0.500000 -0.500000
  0.1694 -0.1693  0.1693  0.0000 -0.0000 -0.1763  0.0559  0.0000 -0.0969
  0.1693 -0.1452  0.1989  0.0000  0.0000 -0.1849  0.1075 -0.0000 -0.0705
 -0.1693  0.1989 -0.1452  0.0000  0.0000  0.1849 -0.0073  0.0000  0.1284
 -0.0000  0.0000 -0.0000  0.0381 -0.0438  0.0000 -0.0000  0.0438  0.0000
 -0.0000 -0.0000 -0.0000  0.0438 -0.0492  0.0000  0.0000  0.0568 -0.0000
 -0.1763  0.1849 -0.1849 -0.0000  0.0000  0.2174 -0.0600  0.0000  0.1039
  0.0559 -0.1075  0.0073 -0.0000  0.0000 -0.0600 -0.0744  0.0000 -0.0933
  0.0000 -0.0000 -0.0000 -0.0438  0.0568  0.0000 -0.0000 -0.0492 -0.0000
 -0.0969  0.0705 -0.1284 -0.0000  0.0000  0.1039 -0.0933 -0.0000  0.0334

                    Slope matrix (Dot = 0) for
                      vector number    8, IQ =   1
                             RX0,RY0,RZ0
                      0.500000  0.000000 -0.500000
  0.1694 -0.0000  0.1693 -0.1693  0.0000  0.0000  0.0559 -0.1763  0.0969
 -0.0000  0.0381  0.0000  0.0000 -0.0438  0.0438  0.0000  0.0000 -0.0000
 -0.1693  0.0000 -0.1452  0.1989 -0.0000 -0.0000 -0.0073  0.1849 -0.1284
  0.1693 -0.0000  0.1989 -0.1452 -0.0000 -0.0000  0.1075 -0.1849  0.0705
 -0.0000  0.0438  0.0000  0.0000 -0.0492  0.0568 -0.0000  0.0000 -0.0000
 -0.0000 -0.0438 -0.0000 -0.0000  0.0568 -0.0492 -0.0000  0.0000  0.0000
  0.0559  0.0000  0.0073 -0.1075 -0.0000  0.0000 -0.0744 -0.0600  0.0933
 -0.1763 -0.0000 -0.1849  0.1849  0.0000  0.0000 -0.0600  0.2174 -0.1039
  0.0969 -0.0000  0.1284 -0.0705  0.0000  0.0000  0.0933 -0.1039  0.0334

                    Slope matrix (Dot = 0) for
                      vector number    9, IQ =   1
                             RX0,RY0,RZ0
                     -0.500000 -0.500000  0.000000
  0.1694  0.1693  0.0000  0.1693  0.1763  0.0000 -0.1119 -0.0000  0.0000
 -0.1693 -0.1452  0.0000 -0.1989 -0.1849  0.0000  0.1148 -0.0000 -0.0579
  0.0000 -0.0000  0.0381 -0.0000 -0.0000  0.0438  0.0000  0.0438 -0.0000
 -0.1693 -0.1989 -0.0000 -0.1452 -0.1849 -0.0000  0.1148  0.0000  0.0579
  0.1763  0.1849 -0.0000  0.1849  0.2174  0.0000 -0.1200 -0.0000  0.0000
 -0.0000  0.0000 -0.0438  0.0000 -0.0000 -0.0492  0.0000 -0.0568  0.0000
 -0.1119 -0.1148  0.0000 -0.1148 -0.1200 -0.0000  0.0872 -0.0000  0.0000
 -0.0000  0.0000 -0.0438  0.0000  0.0000 -0.0568 -0.0000 -0.0492  0.0000
  0.0000  0.0579  0.0000 -0.0579 -0.0000  0.0000 -0.0000  0.0000 -0.1283

                    Slope matrix (Dot = 0) for
                      vector number   10, IQ =   1
                             RX0,RY0,RZ0
                      0.000000 -0.500000  0.500000
  0.1694  0.1693 -0.1693  0.0000 -0.0000 -0.1763  0.0559 -0.0000 -0.0969
 -0.1693 -0.1452  0.1989 -0.0000  0.0000  0.1849 -0.1075  0.0000  0.0705
  0.1693  0.1989 -0.1452 -0.0000 -0.0000 -0.1849  0.0073 -0.0000 -0.1284
 -0.0000 -0.0000  0.0000  0.0381  0.0438  0.0000  0.0000 -0.0438  0.0000
  0.0000  0.0000 -0.0000 -0.0438 -0.0492 -0.0000 -0.0000  0.0568  0.0000
 -0.1763 -0.1849  0.1849  0.0000  0.0000  0.2174 -0.0600 -0.0000  0.1039
  0.0559  0.1075 -0.0073 -0.0000 -0.0000 -0.0600 -0.0744 -0.0000 -0.0933
  0.0000  0.0000 -0.0000  0.0438  0.0568 -0.0000  0.0000 -0.0492  0.0000
 -0.0969 -0.0705  0.1284 -0.0000 -0.0000  0.1039 -0.0933  0.0000  0.0334

                    Slope matrix (Dot = 0) for
                      vector number   11, IQ =   1
                             RX0,RY0,RZ0
                     -0.500000  0.500000  0.000000
  0.1694 -0.1693  0.0000  0.1693 -0.1763 -0.0000 -0.1119  0.0000  0.0000
  0.1693 -0.1452 -0.0000  0.1989 -0.1849  0.0000 -0.1148 -0.0000  0.0579
  0.0000  0.0000  0.0381  0.0000  0.0000 -0.0438  0.0000  0.0438  0.0000
 -0.1693  0.1989 -0.0000 -0.1452  0.1849 -0.0000  0.1148  0.0000  0.0579
 -0.1763  0.1849 -0.0000 -0.1849  0.2174 -0.0000  0.1200 -0.0000  0.0000
 -0.0000  0.0000  0.0438  0.0000  0.0000 -0.0492 -0.0000  0.0568  0.0000
 -0.1119  0.1148  0.0000 -0.1148  0.1200  0.0000  0.0872  0.0000  0.0000
 -0.0000 -0.0000 -0.0438  0.0000 -0.0000  0.0568  0.0000 -0.0492 -0.0000
 -0.0000 -0.0579  0.0000 -0.0579  0.0000 -0.0000 -0.0000 -0.0000 -0.1283

                    Slope matrix (Dot = 0) for
                      vector number   12, IQ =   1
                             RX0,RY0,RZ0
                     -0.500000  0.000000  0.500000
  0.1694  0.0000 -0.1693  0.1693  0.0000 -0.0000  0.0559 -0.1763  0.0969
  0.0000  0.0381  0.0000  0.0000  0.0438 -0.0438  0.0000 -0.0000  0.0000
  0.1693  0.0000 -0.1452  0.1989  0.0000 -0.0000  0.0073 -0.1849  0.1284
 -0.1693 -0.0000  0.1989 -0.1452  0.0000  0.0000 -0.1075  0.1849 -0.0705
 -0.0000 -0.0438  0.0000 -0.0000 -0.0492  0.0568 -0.0000  0.0000  0.0000
  0.0000  0.0438  0.0000  0.0000  0.0568 -0.0492 -0.0000 -0.0000 -0.0000
  0.0559  0.0000 -0.0073  0.1075  0.0000 -0.0000 -0.0744 -0.0600  0.0933
 -0.1763  0.0000  0.1849 -0.1849  0.0000 -0.0000 -0.0600  0.2174 -0.1039
  0.0969 -0.0000 -0.1284  0.0705 -0.0000 -0.0000  0.0933 -0.1039  0.0334

                    Slope matrix (Dot = 0) for
                      vector number   13, IQ =   1
                             RX0,RY0,RZ0
                     -0.500000  0.000000 -0.500000
  0.1694 -0.0000  0.1693  0.1693 -0.0000  0.0000  0.0559  0.1763  0.0969
 -0.0000  0.0381 -0.0000  0.0000  0.0438  0.0438 -0.0000  0.0000 -0.0000
 -0.1693  0.0000 -0.1452 -0.1989  0.0000 -0.0000 -0.0073 -0.1849 -0.1284
 -0.1693 -0.0000 -0.1989 -0.1452  0.0000 -0.0000 -0.1075 -0.1849 -0.0705
  0.0000 -0.0438 -0.0000  0.0000 -0.0492 -0.0568 -0.0000 -0.0000  0.0000
 -0.0000 -0.0438 -0.0000 -0.0000 -0.0568 -0.0492 -0.0000 -0.0000 -0.0000
  0.0559 -0.0000  0.0073  0.1075 -0.0000 -0.0000 -0.0744  0.0600  0.0933
  0.1763 -0.0000  0.1849  0.1849 -0.0000  0.0000  0.0600  0.2174  0.1039
  0.0969  0.0000  0.1284  0.0705  0.0000  0.0000  0.0933  0.1039  0.0334

                    Slope matrix (Dot = 0) for
                      vector number   14, IQ =   1
                             RX0,RY0,RZ0
                     -1.000000  0.000000  0.000000
  0.0108  0.0000  0.0000  0.0137  0.0000  0.0000 -0.0051  0.0000  0.0088
 -0.0000  0.0029 -0.0000 -0.0000  0.0031 -0.0000  0.0000 -0.0000  0.0000
  0.0000  0.0000  0.0029  0.0000  0.0000 -0.0000  0.0000  0.0031 -0.0000
 -0.0137 -0.0000 -0.0000 -0.0181 -0.0000 -0.0000  0.0075  0.0000 -0.0130
 -0.0000 -0.0031 -0.0000 -0.0000 -0.0027 -0.0000 -0.0000  0.0000  0.0000
  0.0000 -0.0000 -0.0000  0.0000 -0.0000 -0.0006 -0.0000 -0.0000 -0.0000
 -0.0051 -0.0000  0.0000 -0.0075 -0.0000 -0.0000  0.0053 -0.0000 -0.0059
  0.0000  0.0000 -0.0031 -0.0000  0.0000  0.0000 -0.0000 -0.0027 -0.0000
  0.0088  0.0000  0.0000  0.0130  0.0000 -0.0000 -0.0059 -0.0000  0.0121

                    Slope matrix (Dot = 0) for
                      vector number   15, IQ =   1
                             RX0,RY0,RZ0
                      0.000000  1.000000  0.000000
  0.0108 -0.0137 -0.0000  0.0000 -0.0000  0.0000 -0.0051 -0.0000 -0.0088
  0.0137 -0.0181 -0.0000  0.0000 -0.0000  0.0000 -0.0075 -0.0000 -0.0130
 -0.0000 -0.0000  0.0029 -0.0000  0.0000 -0.0031  0.0000 -0.0000 -0.0000
  0.0000 -0.0000 -0.0000  0.0029 -0.0031  0.0000 -0.0000 -0.0000  0.0000
  0.0000 -0.0000 -0.0000  0.0031 -0.0027  0.0000 -0.0000 -0.0000  0.0000
 -0.0000 -0.0000  0.0031 -0.0000  0.0000 -0.0027 -0.0000  0.0000  0.0000
 -0.0051  0.0075 -0.0000 -0.0000  0.0000  0.0000  0.0053 -0.0000  0.0059
 -0.0000  0.0000 -0.0000  0.0000  0.0000 -0.0000 -0.0000 -0.0006 -0.0000
 -0.0088  0.0130 -0.0000  0.0000 -0.0000  0.0000  0.0059  0.0000  0.0121

                    Slope matrix (Dot = 0) for
                      vector number   16, IQ =   1
                             RX0,RY0,RZ0
                      0.000000  0.000000  1.000000
  0.0108 -0.0000 -0.0137 -0.0000  0.0000 -0.0000  0.0102  0.0000 -0.0000
  0.0000  0.0029 -0.0000  0.0000 -0.0000 -0.0031  0.0000 -0.0000 -0.0000
  0.0137 -0.0000 -0.0181 -0.0000  0.0000 -0.0000  0.0150  0.0000 -0.0000
 -0.0000 -0.0000 -0.0000  0.0029  0.0000  0.0000 -0.0000 -0.0031 -0.0000
 -0.0000 -0.0000  0.0000  0.0000 -0.0006  0.0000  0.0000 -0.0000  0.0000
  0.0000  0.0031  0.0000  0.0000 -0.0000 -0.0027 -0.0000  0.0000 -0.0000
  0.0102  0.0000 -0.0150 -0.0000  0.0000 -0.0000  0.0155  0.0000 -0.0000
  0.0000 -0.0000 -0.0000  0.0031  0.0000  0.0000 -0.0000 -0.0027  0.0000
  0.0000 -0.0000  0.0000  0.0000 -0.0000  0.0000 -0.0000  0.0000  0.0019

                    Slope matrix (Dot = 0) for
                      vector number   17, IQ =   1
                             RX0,RY0,RZ0
                      1.000000  0.000000  0.000000
  0.0108  0.0000 -0.0000 -0.0137 -0.0000  0.0000 -0.0051  0.0000  0.0088
  0.0000  0.0029  0.0000 -0.0000 -0.0031 -0.0000 -0.0000 -0.0000 -0.0000
  0.0000  0.0000  0.0029 -0.0000 -0.0000 -0.0000  0.0000 -0.0031 -0.0000
  0.0137  0.0000 -0.0000 -0.0181 -0.0000  0.0000 -0.0075  0.0000  0.0130
  0.0000  0.0031  0.0000 -0.0000 -0.0027 -0.0000 -0.0000 -0.0000 -0.0000
 -0.0000  0.0000 -0.0000 -0.0000 -0.0000 -0.0006 -0.0000  0.0000 -0.0000
 -0.0051 -0.0000 -0.0000  0.0075  0.0000  0.0000  0.0053  0.0000 -0.0059
 -0.0000  0.0000  0.0031 -0.0000 -0.0000  0.0000  0.0000 -0.0027 -0.0000
  0.0088  0.0000 -0.0000 -0.0130  0.0000  0.0000 -0.0059  0.0000  0.0121

                    Slope matrix (Dot = 0) for
                      vector number   18, IQ =   1
                             RX0,RY0,RZ0
                      0.000000 -1.000000  0.000000
  0.0108  0.0137 -0.0000  0.0000  0.0000  0.0000 -0.0051  0.0000 -0.0088
 -0.0137 -0.0181  0.0000 -0.0000  0.0000 -0.0000  0.0075  0.0000  0.0130
  0.0000  0.0000  0.0029  0.0000  0.0000  0.0031  0.0000  0.0000 -0.0000
 -0.0000 -0.0000  0.0000  0.0029  0.0031  0.0000  0.0000 -0.0000 -0.0000
  0.0000 -0.0000 -0.0000 -0.0031 -0.0027 -0.0000 -0.0000  0.0000  0.0000
  0.0000  0.0000 -0.0031 -0.0000 -0.0000 -0.0027 -0.0000 -0.0000 -0.0000
 -0.0051 -0.0075 -0.0000 -0.0000 -0.0000  0.0000  0.0053 -0.0000  0.0059
 -0.0000  0.0000 -0.0000 -0.0000  0.0000 -0.0000 -0.0000 -0.0006 -0.0000
 -0.0088 -0.0130  0.0000 -0.0000 -0.0000  0.0000  0.0059 -0.0000  0.0121

                    Slope matrix (Dot = 0) for
                      vector number   19, IQ =   1
                             RX0,RY0,RZ0
                      0.000000  0.000000 -1.000000
  0.0108 -0.0000  0.0137  0.0000 -0.0000 -0.0000  0.0102  0.0000 -0.0000
  0.0000  0.0029  0.0000  0.0000 -0.0000  0.0031 -0.0000  0.0000  0.0000
 -0.0137  0.0000 -0.0181 -0.0000  0.0000  0.0000 -0.0150 -0.0000  0.0000
  0.0000  0.0000  0.0000  0.0029 -0.0000  0.0000  0.0000  0.0031  0.0000
 -0.0000 -0.0000 -0.0000  0.0000 -0.0006 -0.0000  0.0000  0.0000 -0.0000
 -0.0000 -0.0031 -0.0000 -0.0000 -0.0000 -0.0027  0.0000 -0.0000  0.0000
  0.0102 -0.0000  0.0150 -0.0000  0.0000  0.0000  0.0155 -0.0000 -0.0000
 -0.0000 -0.0000 -0.0000 -0.0031  0.0000 -0.0000  0.0000 -0.0027  0.0000
 -0.0000 -0.0000 -0.0000  0.0000  0.0000 -0.0000 -0.0000  0.0000  0.0019

                    Slope matrix (Dot = 0) for
                      vector number   20, IQ =   1
                             RX0,RY0,RZ0
                     -0.500000 -1.000000  0.500000
  0.0025  0.0029 -0.0014  0.0014  0.0016 -0.0016 -0.0009 -0.0009 -0.0015
 -0.0029 -0.0030  0.0017 -0.0017 -0.0017  0.0017  0.0006  0.0007  0.0011
  0.0013  0.0017 -0.0008  0.0004  0.0009 -0.0008 -0.0005 -0.0003 -0.0009
 -0.0013 -0.0017  0.0004 -0.0008 -0.0008  0.0009  0.0005  0.0003  0.0008
  0.0016  0.0017 -0.0009  0.0008  0.0008 -0.0011  0.0001 -0.0002 -0.0008
 -0.0016 -0.0017  0.0008 -0.0009 -0.0011  0.0008  0.0007  0.0002  0.0003
 -0.0009 -0.0006  0.0005 -0.0005  0.0001  0.0007  0.0001 -0.0001 -0.0001
 -0.0009 -0.0007  0.0003 -0.0003 -0.0002  0.0002 -0.0001 -0.0008 -0.0002
 -0.0015 -0.0011  0.0009 -0.0008 -0.0008  0.0003 -0.0001 -0.0002 -0.0000

                    Slope matrix (Dot = 0) for
                      vector number   21, IQ =   1
                             RX0,RY0,RZ0
                      1.000000  0.500000 -0.500000
  0.0025 -0.0014  0.0014 -0.0029  0.0016 -0.0009 -0.0009 -0.0016  0.0015
  0.0013 -0.0008  0.0004 -0.0017  0.0008 -0.0003 -0.0005 -0.0009  0.0008
 -0.0013  0.0004 -0.0008  0.0017 -0.0009  0.0003  0.0005  0.0008 -0.0009
  0.0029 -0.0017  0.0017 -0.0030  0.0017 -0.0007 -0.0006 -0.0017  0.0011
  0.0016 -0.0008  0.0009 -0.0017  0.0008 -0.0002  0.0001 -0.0011  0.0008
 -0.0009  0.0003 -0.0003  0.0007 -0.0002 -0.0008 -0.0001  0.0002  0.0002
 -0.0009  0.0005 -0.0005  0.0006  0.0001 -0.0001  0.0001  0.0007  0.0001
 -0.0016  0.0009 -0.0008  0.0017 -0.0011  0.0002  0.0007  0.0008 -0.0003
  0.0015 -0.0008  0.0009 -0.0011  0.0008  0.0002  0.0001 -0.0003 -0.0000

                    Slope matrix (Dot = 0) for
                      vector number   22, IQ =   1
                             RX0,RY0,RZ0
                     -1.000000  0.500000 -0.500000
  0.0025 -0.0014  0.0014  0.0029 -0.0016 -0.0009 -0.0009  0.0016  0.0015
  0.0013 -0.0008  0.0004  0.0017 -0.0008 -0.0003 -0.0005  0.0009  0.0008
 -0.0013  0.0004 -0.0008 -0.0017  0.0009  0.0003  0.0005 -0.0008 -0.0009
 -0.0029  0.0017 -0.0017 -0.0030  0.0017  0.0007  0.0006 -0.0017 -0.0011
 -0.0016  0.0008 -0.0009 -0.0017  0.0008  0.0002 -0.0001 -0.0011 -0.0008
 -0.0009  0.0003 -0.0003 -0.0007  0.0002 -0.0008 -0.0001 -0.0002  0.0002
 -0.0009  0.0005 -0.0005 -0.0006 -0.0001 -0.0001  0.0001 -0.0007  0.0001
  0.0016 -0.0009  0.0008  0.0017 -0.0011 -0.0002 -0.0007  0.0008  0.0003
  0.0015 -0.0008  0.0009  0.0011 -0.0008  0.0002  0.0001  0.0003 -0.0000

                    Slope matrix (Dot = 0) for
                      vector number   23, IQ =   1
                             RX0,RY0,RZ0
                      0.500000  0.500000  1.000000
  0.0025 -0.0014 -0.0029 -0.0014  0.0009  0.0016  0.0017  0.0016  0.0000
  0.0013 -0.0008 -0.0017 -0.0004  0.0003  0.0008  0.0010  0.0009 -0.0000
  0.0029 -0.0017 -0.0030 -0.0017  0.0007  0.0017  0.0013  0.0017  0.0000
  0.0013 -0.0004 -0.0017 -0.0008  0.0003  0.0009  0.0010  0.0008  0.0000
  0.0009 -0.0003 -0.0007 -0.0003 -0.0008  0.0002 -0.0002  0.0002 -0.0000
  0.0016 -0.0008 -0.0017 -0.0009  0.0002  0.0008  0.0006  0.0011  0.0004
  0.0017 -0.0010 -0.0013 -0.0010 -0.0002  0.0006 -0.0001  0.0006  0.0000
  0.0016 -0.0009 -0.0017 -0.0008  0.0002  0.0011  0.0006  0.0008 -0.0004
 -0.0000  0.0000  0.0000 -0.0000 -0.0000  0.0004 -0.0000 -0.0004  0.0001

                    Slope matrix (Dot = 0) for
                      vector number   24, IQ =   1
                             RX0,RY0,RZ0
                     -0.500000  1.000000  0.500000
  0.0025 -0.0029 -0.0014  0.0014 -0.0016  0.0016 -0.0009 -0.0009 -0.0015
  0.0029 -0.0030 -0.0017  0.0017 -0.0017  0.0017 -0.0006 -0.0007 -0.0011
  0.0013 -0.0017 -0.0008  0.0004 -0.0009  0.0008 -0.0005 -0.0003 -0.0009
 -0.0013  0.0017  0.0004 -0.0008  0.0008 -0.0009  0.0005  0.0003  0.0008
 -0.0016  0.0017  0.0009 -0.0008  0.0008 -0.0011 -0.0001  0.0002  0.0008
  0.0016 -0.0017 -0.0008  0.0009 -0.0011  0.0008 -0.0007 -0.0002 -0.0003
 -0.0009  0.0006  0.0005 -0.0005 -0.0001 -0.0007  0.0001 -0.0001 -0.0001
 -0.0009  0.0007  0.0003 -0.0003  0.0002 -0.0002 -0.0001 -0.0008 -0.0002
